安琪拉

3323

490

170

0

83

12.1%

程咬金

3437

0

161

0

125

17.2%

妲己

3229

490

170

0

86

12.5%

项羽

3535

420

157

0

123

17.0%

亚瑟

3622

0

164

0

98

14.0%

虞姬

2977

440

165

0

84

12.2%

白起

3510

420

158

0

120

16.6%

扁鹊

3205

490

168

0

87

12.6%

蔡文姬

3238

480

159

0

96

13.7%

狄仁杰

3242

440

169

0

95

13.6%

貂婵

3019

490

167

0

87

12.6%

刘备

3081

440

169

0

88

12.7%

墨子

3083

420

181

0

102

14.5%

夏侯惇

3307

430

159

0

101

14.4%

不知火舞

3235

200

170

0

89

12.9%

曹操

3531

0

174

0

104

14.7%

成吉思汗

3027

440

184

0

94

13.5%

达摩

3213

420

171

0

95

13.6%

典韦

3434

430

168

0

89

12.9%

高渐离

3122

490

163

0

98

14.0%

宫本武藏

2902

0

157

0

106

15.0%

关羽

3322

10

170

0

101

14.4%

韩信

2988

430

172

0

92

13.2%

后羿

3297

440

161

0

89

12.9%

花木兰

2886

0

170

0

86

12.5%

姜子牙

2958

490

168

0

106

15.0%

荆轲

3113

0

177

0

89

12.9%

橘右京

3150

0

165

0

96

13.7%

兰陵王

3292

450

171

0

85

12.4%

老夫子

3370

430

168

0

100

14.2%

李白

2968

450

169

0

98

14.0%

李元芳

3007

440

161

0

87

12.6%

廉颇

3558

420

163

0

132

18.0%

刘邦

3369

470

158

0

125

17.2%

刘禅

3364

420

178

0

139

18.8%

鲁班七号

3401

440

174

0

88

12.7%

露娜

3021

450

163

0

102

14.5%

吕布

3564

0

170

0

99

14.1%

马可波罗

3041

200

175

0

91

13.1%

半月

3285

0

152

0

88

12.7%

哪吒

3483

450

159

0

99

14.1%

娜可露露

3239

450

173

0

86

12.5%

牛魔

3537

470

156

0

109

15.3%

孙膑

3208

470

176

0

98

14.0%

孙尚香

3235

440

172

0

89

12.9%

孙悟空

3305

430

167

0

98

14.0%

太乙真人

3443

420

154

0

94

13.5%

王昭君

3083

490

165

0

91

13.1%

武则天

2860

490

173

0

95

13.6%

小乔

3088

490

153

0

95

13.6%

雅典娜

2862

430

162

0

106

15.0%

杨戬

3339

420

166

0

98

14.0%

嬴政

3125

490

157

0

91

13.1%

张飞

3450

100

153

0

125

17.2%

张良

3027

490

170

0

87

12.6%

赵云

3267

430

173

0

84

12.2%

甄姬

3041

490

165

0

87

12.6%

钟馗

3420

490

162

0

99

14.1%

钟无艳

3150

430

164

0

100

14.2%

周瑜

3093

490

160

0

87

12.6%

庄周

3311

420

170

0

150

20.0%
